2025-05-04T09:54:36+00:00
Running ./hyriseBenchmarkPlayground
Run on (128 X 3400 MHz CPU s)
CPU Caches:
  L1 Data 48 KiB (x64)
  L1 Instruction 32 KiB (x64)
  L2 Unified 1280 KiB (x64)
  L3 Unified 49152 KiB (x2)
Load Average: 0.59, 3.02, 2.62
***WARNING*** CPU scaling is enabled, the benchmark real time measurements may be noisy and will incur extra overhead.
name,iterations,real_time,cpu_time,time_unit,bytes_per_second,items_per_second,label,error_occurred,error_message,"Fan-in","Tuples"
"BM_MWAY_MERGE/4/16777216/1310720/iterations:5/manual_time",5,15.5028,15.5113,ms,,,,,,4,1.67772e+07
"BM_MWAY_MERGE/8/16777216/1310720/iterations:5/manual_time",5,36.8203,36.8313,ms,,,,,,8,1.67772e+07
"BM_MWAY_MERGE/16/16777216/1310720/iterations:5/manual_time",5,45.8224,45.8386,ms,,,,,,16,1.67772e+07
"BM_MWAY_MERGE/32/16777216/1310720/iterations:5/manual_time",5,55.0042,55.0248,ms,,,,,,32,1.67772e+07
"BM_MWAY_MERGE/64/16777216/1310720/iterations:5/manual_time",5,63.8127,63.8251,ms,,,,,,64,1.67772e+07
"BM_MWAY_MERGE/128/16777216/1310720/iterations:5/manual_time",5,78.2849,78.3474,ms,,,,,,128,1.67772e+07
"BM_MWAY_MERGE/256/16777216/1310720/iterations:5/manual_time",5,105.157,106.048,ms,,,,,,256,1.67772e+07
"BM_MWAY_MERGE/512/16777216/1310720/iterations:5/manual_time",5,182.116,182.293,ms,,,,,,512,1.67772e+07
"BM_MWAY_MERGE/1024/16777216/1310720/iterations:5/manual_time",5,438.658,439.897,ms,,,,,,1024,1.67772e+07
"BM_MWAY_MERGE/2048/16777216/1310720/iterations:5/manual_time",5,1406.54,1416.37,ms,,,,,,2048,1.67772e+07
"BM_MWAY_MERGE/4/16777216/50331648/iterations:5/manual_time",5,25.8645,25.879,ms,,,,,,4,1.67772e+07
"BM_MWAY_MERGE/8/16777216/50331648/iterations:5/manual_time",5,52.7067,52.7258,ms,,,,,,8,1.67772e+07
"BM_MWAY_MERGE/16/16777216/50331648/iterations:5/manual_time",5,64.2587,64.2783,ms,,,,,,16,1.67772e+07
"BM_MWAY_MERGE/32/16777216/50331648/iterations:5/manual_time",5,77.0149,77.0453,ms,,,,,,32,1.67772e+07
"BM_MWAY_MERGE/64/16777216/50331648/iterations:5/manual_time",5,90.0472,90.0764,ms,,,,,,64,1.67772e+07
"BM_MWAY_MERGE/128/16777216/50331648/iterations:5/manual_time",5,86.3856,86.4562,ms,,,,,,128,1.67772e+07
"BM_MWAY_MERGE/256/16777216/50331648/iterations:5/manual_time",5,93.5156,93.6251,ms,,,,,,256,1.67772e+07
"BM_MWAY_MERGE/512/16777216/50331648/iterations:5/manual_time",5,104.185,104.386,ms,,,,,,512,1.67772e+07
"BM_MWAY_MERGE/1024/16777216/50331648/iterations:5/manual_time",5,113.931,115.413,ms,,,,,,1024,1.67772e+07
"BM_MWAY_MERGE/2048/16777216/50331648/iterations:5/manual_time",5,143.156,144.383,ms,,,,,,2048,1.67772e+07
"BM_KWAY_MERGE/4/16777216/iterations:5/manual_time",5,173.231,173.219,ms,,,,,,4,1.67772e+07
"BM_KWAY_MERGE/8/16777216/iterations:5/manual_time",5,192.438,192.448,ms,,,,,,8,1.67772e+07
"BM_KWAY_MERGE/16/16777216/iterations:5/manual_time",5,213.717,216.728,ms,,,,,,16,1.67772e+07
"BM_KWAY_MERGE/32/16777216/iterations:5/manual_time",5,216.827,216.839,ms,,,,,,32,1.67772e+07
"BM_KWAY_MERGE/64/16777216/iterations:5/manual_time",5,221.142,221.151,ms,,,,,,64,1.67772e+07
"BM_KWAY_MERGE/128/16777216/iterations:5/manual_time",5,229.282,229.323,ms,,,,,,128,1.67772e+07
"BM_KWAY_MERGE/256/16777216/iterations:5/manual_time",5,244.088,250.43,ms,,,,,,256,1.67772e+07
"BM_KWAY_MERGE/512/16777216/iterations:5/manual_time",5,260.839,260.995,ms,,,,,,512,1.67772e+07
"BM_KWAY_MERGE/1024/16777216/iterations:5/manual_time",5,285.322,286.561,ms,,,,,,1024,1.67772e+07
"BM_KWAY_MERGE/2048/16777216/iterations:5/manual_time",5,317.366,318.574,ms,,,,,,2048,1.67772e+07